solution: 50.447s
[
  [ 8, 2, 4, 10 ], [ 7, 1, 10, 5 ],
  [ 4, 8, 9, 6 ],  [ 6, 3, 1, 1 ],
  [ 3, 10, 4, 8 ], [ 7, 4, 7, 2 ],
  [ 9, 2, 6, 1 ],  [ 5, 5, 9, 9 ],
  [ 3, 8, 7, 5 ],  [ 2, 3, 10, 6 ],
  [],              []
] 0a1b8ba10a5058a57a7b0740451461262a0260676a469096481434370320321242303212 99716
solution: 24:05.978 (m:ss.mmm)
[
  [ 8, 8, 1, 9 ],  [ 1, 2, 8, 3 ],
  [ 5, 1, 4, 7 ],  [ 2, 10, 6, 9 ],
  [ 5, 10, 5, 7 ], [ 4, 1, 10, 4 ],
  [ 2, 9, 9, 7 ],  [ 2, 6, 3, 6 ],
  [ 7, 3, 3, 8 ],  [ 4, 5, 10, 6 ],
  [],              []
] 0a1b3a737b37818b2848523568693603100502101213314342032012514551403002 3644082
solution: 25:12.733 (m:ss.mmm)
[
  [ 9, 7, 9, 9 ],  [ 6, 7, 1, 1 ],
  [ 7, 3, 8, 2 ],  [ 6, 5, 10, 8 ],
  [ 4, 4, 1, 1 ],  [ 7, 5, 6, 8 ],
  [ 4, 10, 2, 9 ], [ 5, 4, 2, 3 ],
  [ 3, 2, 3, 8 ],  [ 5, 6, 10, 10 ],
  [],              []
] 0a0b0a101b405915410410206170604641240208107026026015163132243102 3809577
solution: 25:42.338 (m:ss.mmm)
[
  [ 1, 2, 10, 3 ], [ 10, 5, 8, 3 ],
  [ 8, 8, 1, 7 ],  [ 3, 6, 6, 4 ],
  [ 2, 8, 5, 6 ],  [ 4, 1, 4, 10 ],
  [ 1, 2, 2, 9 ],  [ 4, 9, 7, 3 ],
  [ 5, 10, 7, 9 ], [ 9, 6, 5, 7 ],
  [],              []
] 0a0b1a5b35437a974941402474678784a70a02105a250210610510172123123123433002 3585834
solution: 25:51.173 (m:ss.mmm)
[
  [ 1, 7, 9, 6 ],  [ 6, 4, 6, 1 ],
  [ 3, 10, 3, 1 ], [ 2, 8, 2, 7 ],
  [ 7, 5, 9, 7 ],  [ 4, 8, 10, 6 ],
  [ 2, 10, 8, 3 ], [ 4, 10, 8, 2 ],
  [ 5, 3, 5, 9 ],  [ 1, 5, 4, 9 ],
  [],              []
] 0a0b30404b5a738b48041019205256456456358a181931352341635625124223313202 3516779
solution: 25:51.624 (m:ss.mmm)
[
  [ 6, 1, 1, 2 ],  [ 7, 9, 3, 4 ],
  [ 5, 5, 2, 7 ],  [ 8, 5, 6, 3 ],
  [ 7, 3, 8, 4 ],  [ 9, 4, 2, 2 ],
  [ 3, 7, 4, 10 ], [ 1, 6, 8, 6 ],
  [ 10, 9, 9, 1 ], [ 10, 10, 8, 5 ],
  [],              []
] 0a0b5a15310310458b18212a9249043032602632134174464132122120143012 3912604
solution: 27:19.418 (m:ss.mmm)
[
  [ 2, 5, 6, 2 ],  [ 7, 4, 8, 7 ],
  [ 8, 5, 4, 6 ],  [ 3, 5, 2, 5 ],
  [ 1, 1, 9, 1 ],  [ 9, 10, 10, 9 ],
  [ 3, 4, 10, 9 ], [ 3, 1, 10, 3 ],
  [ 6, 8, 6, 4 ],  [ 8, 7, 2, 7 ],
  [],              []
] 0a0b2b303a030a10828b1821909a09109178791718273143626416315163253213322012 2988437
solution: 27:54.946 (m:ss.mmm)
[
  [ 2, 2, 7, 1 ],  [ 10, 9, 3, 1 ],
  [ 6, 3, 4, 6 ],  [ 9, 7, 10, 4 ],
  [ 4, 5, 8, 7 ],  [ 4, 3, 7, 9 ],
  [ 2, 10, 2, 5 ], [ 5, 6, 9, 5 ],
  [ 8, 10, 6, 3 ], [ 1, 8, 1, 8 ],
  [],              []
] 0a0b1a4b812832949a496460363b535b15131651252163621521233203301330212112 2771219
solution: 28:14.082 (m:ss.mmm)
[
  [ 1, 1, 9, 2 ],  [ 7, 2, 10, 8 ],
  [ 5, 5, 3, 5 ],  [ 7, 9, 4, 10 ],
  [ 4, 1, 3, 4 ],  [ 1, 8, 8, 6 ],
  [ 10, 5, 9, 6 ], [ 6, 4, 9, 8 ],
  [ 2, 7, 3, 6 ],  [ 10, 7, 2, 3 ],
  [],              []
] 0a1b31437b0794a93a737a575b05206787270230605104601601062023264031033112 2204845
solution: 28:43.295 (m:ss.mmm)
[
  [ 3, 8, 8, 5 ],  [ 6, 1, 3, 3 ],
  [ 5, 4, 6, 5 ],  [ 6, 10, 6, 7 ],
  [ 5, 1, 7, 4 ],  [ 9, 3, 4, 2 ],
  [ 4, 10, 9, 2 ], [ 10, 8, 1, 7 ],
  [ 2, 8, 9, 2 ],  [ 10, 1, 9, 7 ],
  [],              []
] 0a2a2b4234b32b2a4272474a04107147545a50534504207381767316012025263235403102 1678215
solution: 28:49.318 (m:ss.mmm)
[
  [ 1, 8, 10, 2 ], [ 10, 7, 1, 9 ],
  [ 2, 8, 1, 5 ],  [ 6, 4, 7, 4 ],
  [ 3, 9, 6, 10 ], [ 8, 7, 2, 4 ],
  [ 5, 2, 5, 9 ],  [ 3, 8, 6, 3 ],
  [ 1, 5, 7, 3 ],  [ 4, 6, 10, 9 ],
  [],              []
] 0a1b6b26219b09202a32525a35230210154191383a63681621738217315324323523413202 2357303
solution: 29:02.777 (m:ss.mmm)
[
  [ 3, 1, 8, 2 ],  [ 3, 5, 6, 5 ],
  [ 4, 6, 4, 1 ],  [ 6, 9, 9, 10 ],
  [ 5, 9, 4, 3 ],  [ 7, 2, 1, 10 ],
  [ 6, 9, 2, 8 ],  [ 3, 5, 8, 7 ],
  [ 2, 10, 4, 1 ], [ 7, 8, 10, 7 ],
  [],              []
] 0a0b206b8028a67a7b172182389a989b9a09404223121601306315313643401321243002 1751852
solution: 29:08.686 (m:ss.mmm)
[
  [ 8, 2, 6, 4 ],  [ 9, 5, 5, 10 ],
  [ 1, 4, 3, 6 ],  [ 10, 4, 4, 5 ],
  [ 9, 6, 10, 2 ], [ 3, 7, 7, 2 ],
  [ 9, 7, 10, 6 ], [ 2, 3, 7, 1 ],
  [ 8, 5, 1, 3 ],  [ 8, 1, 8, 9 ],
  [],              []
] 0a0b2b4014313a434b506b63452429742702830810135135535143133230323112 1466234
solution: 29:48.691 (m:ss.mmm)
[
  [ 5, 8, 9, 4 ],  [ 8, 1, 4, 2 ],
  [ 5, 6, 1, 10 ], [ 3, 9, 3, 8 ],
  [ 8, 7, 4, 1 ],  [ 2, 1, 6, 10 ],
  [ 10, 9, 7, 3 ], [ 5, 6, 7, 2 ],
  [ 9, 6, 3, 7 ],  [ 10, 4, 2, 5 ],
  [],              []
] 0a1b7b8768a16a602642567a572527929b9469565a151631454714010402301331034024433002 563386
solution: 30:01.110 (m:ss.mmm)
[
  [ 4, 8, 7, 6 ],  [ 3, 9, 8, 10 ],
  [ 1, 10, 2, 6 ], [ 6, 7, 2, 8 ],
  [ 4, 4, 10, 1 ], [ 3, 7, 9, 10 ],
  [ 9, 1, 3, 1 ],  [ 5, 7, 5, 5 ],
  [ 3, 9, 8, 6 ],  [ 2, 5, 2, 4 ],
  [],              []
] 0a0b2a30323b3a4354638a80585a5625429495797a97580504101415201230323202 547015
